
2030: sub   base L/s    PF  infil predicted SewerGEMS  diff %
      O1       48.96  2.23   1.73    110.77    110.77     0.0
      O2       53.16  2.21   0.97    118.25    118.25     0.0
      O3       46.20  2.25   2.21    106.00    112.43     6.1
      O4       19.64  2.49   1.02     49.85     49.85     0.0
      O5        2.08  3.27   0.24      7.03      7.03     0.0
      O6        2.52  3.20   0.28      8.32      8.32     0.0
      O7        5.89  2.88   0.36     17.32     17.32    -0.0
      O8        1.71  3.34   0.20      5.91      5.91    -0.0
      O9       16.81  2.54   2.58     45.24     45.24     0.0
      O10       0.64  2.77   0.30      2.07      2.41    16.4
      O11       0.95  2.53   0.25      2.66      3.04    14.2
      O12       3.42  3.08   0.41     10.95     10.95     0.0
      O13       0.05  4.66   0.02      0.26      0.26    -0.0
      O14       1.42  3.24   0.10      4.69      4.69    -0.0
      O15       1.16  2.79   0.11      3.35      3.31    -1.2
      O16       1.58  3.37   0.11      5.44      5.44    -0.0
      O17       0.65  2.76   0.07      1.86      1.86     0.0
      O18       0.47  2.97   0.05      1.45      1.45    -0.0
      O19       1.34  3.11   0.07      4.23      4.23    -0.0
      O20       2.01  3.28   0.08      6.66      6.69     0.4
      O21      23.05  2.44   0.89     57.22     57.22     0.0
      O22       0.51  2.90   0.09      1.58      1.58    -0.0
      O23       0.07  4.66   0.10      0.43      0.43    -0.0
      O24      12.65  2.63   0.26     33.55     33.55     0.0
      O-56      0.00  4.66   0.00      0.00       nan     0.0
      O-67      0.00  4.66   0.00      0.00       nan     0.0
      O-78      0.00  4.66   0.00      0.00       nan     0.0

2070: sub   base L/s    PF  infil predicted SewerGEMS  diff %
      O1      108.58  2.02   1.73    221.36    221.36     0.0
      O2       70.21  2.13   0.97    150.60    150.60     0.0
      O3      124.84  1.99   2.21    250.69    263.36     5.1
      O4       44.02  2.26   1.02    100.58    100.58     0.0
      O5       11.36  2.66   0.24     30.50     30.50    -0.0
      O6        8.94  2.74   0.28     24.76     24.76     0.0
      O7       18.50  2.51   0.36     46.73     46.73    -0.0
      O8        7.20  2.81   0.20     20.41     20.41    -0.0
      O9      136.14  1.97   2.58    270.46    270.46     0.0
      O10      13.42  2.61   0.30     35.36     35.67     0.9
      O11       7.78  2.78   0.25     21.87     21.95     0.4
      O12      17.51  2.52   0.41     44.62     44.62     0.0
      O13       0.79  2.63   0.02      2.09      2.09     0.0
      O14       3.86  3.04   0.10     11.83     11.83    -0.0
      O15      13.37  2.61   0.11     35.04     35.36     0.9
      O16      13.24  2.62   0.11     34.75     34.75     0.0
      O17       5.26  2.92   0.07     15.41     15.41     0.0
      O18       3.82  3.04   0.05     11.67     11.67    -0.0
      O19       4.04  3.02   0.07     12.27     12.27     0.0
      O20       3.41  3.08   0.08     10.58     10.66     0.8
      O21      46.40  2.25   0.89    105.07    105.07     0.0
      O22       3.54  3.07   0.09     10.96     10.96     0.0
      O23       1.45  3.31   0.10      4.91      4.91     0.0
      O24      22.48  2.45   0.26     55.33     55.33    -0.0
      O-56      0.00  4.66   0.00      0.00       nan     0.0
      O-67      0.00  4.66   0.00      0.00       nan     0.0
      O-78      0.00  4.66   0.00      0.00       nan     0.0

transfer test, +100 L/s pattern load at O13-M1 (2030): change at each outfall, L/s
  O13 +100.000
